1;50;1;0
50;1;1;0
1;6;1;1
6;3;1;1
3;2;1;1
2;8;1;1
8;4;1;1
4;5;1;1
5;41;1;1
41;45;1;1
45;47;1;1
47;46;1;1
46;51;1;1
51;48;1;1
48;44;1;1
44;43;1;1
43;42;1;1
42;49;1;1
49;1;1;1
1;21;1;2
21;23;1;2
23;25;1;2
25;28;1;2
28;31;1;2
31;30;1;2
30;7;1;2
7;33;1;2
33;34;1;2
34;32;1;2
32;36;1;2
36;38;1;2
38;39;1;2
39;40;1;2
40;37;1;2
37;35;1;2
35;29;1;2
29;27;1;2
27;24;1;2
24;19;1;2
19;20;1;2
20;17;1;2
17;13;1;2
13;16;1;2
16;18;1;2
18;14;1;2
14;26;1;2
26;10;1;2
10;12;1;2
12;11;1;2
11;9;1;2
9;22;1;2
22;1;1;2
---
5;1;0
3;1;1
6;1;1
9;1;1
1;1;2
4;1;2
10;1;2
---
2;0
3;0
4;0
5;0
6;0
7;0
8;0
9;0
10;0
11;0
12;0
13;0
14;0
15;1
16;0
17;0
18;0
19;0
20;0
21;0
22;0
23;0
24;0
25;0
26;0
27;0
28;0
29;0
30;0
31;0
32;0
33;0
34;0
35;0
36;0
37;0
38;0
39;0
40;0
41;0
42;0
43;0
44;0
45;0
46;0
47;0
48;0
49;0
50;0
51;0
